      -0.6862608051736E-01       0.5384894231208E-01      -0.7070241593786E-01       0.1404268078578E+00      -0.2603843347728E+00       0.5868437263250E-01       0.3447339337359E-01       0.1440600404228E+00      -0.1869683257128E+00      -0.3044731536101E+00       0.2042241745750E+00       0.1471579762448E+00       0.5269206096164E-01       0.9008015205873E-01      -0.1003943433584E+00      -0.9371915111875E-01      -0.1612493046292E+00       0.3108103240122E+00       0.1783150987998E+00      -0.8165460684446E-01      -0.2853348095308E+00      -0.1446334120379E+00      -0.5247933761407E-01      -0.5318747685356E-01       0.5465988626388E-01      -0.1981705253754E-01      -0.1707247562370E+00      -0.2967514856695E+00      -0.7079237509801E-02       0.1295571137476E+00      -0.2278611524767E+00       0.1498660713871E+00      -0.3775469602039E+00      -0.1742908657661E+00
      -0.2017643595683E+00       0.1417080591529E+00      -0.1135177913857E+00      -0.2469542516069E+00       0.7162045358818E-02      -0.1966845886371E+00      -0.2501880053658E+00       0.1342622675447E+00       0.6479643351987E-02      -0.1496073640810E+00      -0.1029480192351E+00      -0.1033366983888E+00       0.2123088404345E-01      -0.3231397428688E+00       0.1510349577187E+00       0.2734400860679E-01      -0.6260050433736E-01       0.7623131618571E-01       0.1618885870350E+00      -0.3207754336816E+00       0.3326743503388E+00      -0.2737545189083E-01       0.8069378498387E-01       0.8204285212248E-02      -0.2024849616758E+00      -0.1594792107571E+00       0.1604295490547E+00      -0.3004572455357E+00       0.6200193543819E-02      -0.5415064905320E-01       0.2998380925143E+00       0.1415041355616E-01      -0.1109202031804E+00      -0.1708565571464E+00
      -0.1189567088356E+00       0.5688832223421E-01       0.1680173142220E+00      -0.1798844423997E+00      -0.1081679804560E+00       0.4314186480115E-02       0.1487550387767E+00      -0.5562572750768E-01      -0.1528642141108E+00       0.6004279713579E+00       0.4676075302914E-01       0.6535821142507E-01       0.9149161076303E-01      -0.3995420678489E-01      -0.3307674191985E-02      -0.2902310457949E+00      -0.6031212714064E-01       0.1449285903784E+00       0.8910401414846E-01       0.1077944567527E+00       0.7846585188775E-01      -0.1432592124719E+00       0.1035786815173E+00      -0.5040510171439E-01      -0.1277645478914E+00       0.1859199487655E-01      -0.5799925418091E-01      -0.1256356296590E+00       0.9300571780179E-01       0.3954183481560E+00       0.1074791844689E-01      -0.2781321875377E+00       0.7522014293985E-01      -0.1800755873258E+00
       0.1438125690655E+00      -0.1983855335683E+00       0.2005021160809E+00      -0.1361918306891E+00       0.2268456030604E+00      -0.4983365955622E-01       0.1135368784365E+00       0.9255659587988E-02       0.1714594761598E-02       0.1648767638458E+00       0.2086946949576E+00       0.5144849810454E-02       0.2117683965352E+00       0.2860642863600E+00      -0.6056837674647E-01       0.7012030320065E-01       0.9207004516279E-01       0.1865968234107E+00      -0.5706551076857E-01       0.4686998209770E-01       0.2643603846538E+00       0.1261070886783E+00       0.1501569852197E+00      -0.1161720427949E+00      -0.4987338386591E-01       0.7302647858863E-01      -0.2767338682716E+00      -0.1115343081816E+00      -0.2008838125944E+00      -0.3479832934481E+00       0.1904874323721E+00       0.2199414615426E+00      -0.2484343609264E+00      -0.1816952609103E+00
       0.6404370471608E-01       0.4690399009501E+00       0.1828873222063E+00       0.1662963576905E+00      -0.4570401566550E-01       0.1607830340861E+00       0.3157001447483E-01      -0.7451288388079E-01      -0.1835254821682E+00       0.1364784257357E+00       0.1766841624502E+00      -0.2232537374736E+00      -0.1980139369559E-01      -0.1520487260637E+00      -0.1926079546476E+00       0.1223249531337E+00       0.2350661134217E+00      -0.1188907143274E+00       0.1574663147424E+00      -0.2288869969454E+00       0.1266506271287E+00       0.3512627844127E+00      -0.9235141535397E-01       0.2560037149669E+00       0.1622298034721E+00       0.1822157907000E+00      -0.2541368893812E-02       0.2046480879622E-01       0.6148251249068E-01       0.7063575930277E-02      -0.7622300972925E-01       0.5117387025005E-01      -0.9670536357496E-01      -0.1724634422560E+00
      -0.3739631471662E+00      -0.7600841407305E-01       0.3805315263596E-02      -0.1032388595802E+00       0.1061166094798E+00       0.1647492932300E+00       0.3055551446698E+00       0.3065101127822E+00       0.1689774118534E+00      -0.3228528921134E-01      -0.6683912898743E-01       0.1973660815319E+00      -0.3179374532487E+00      -0.7637403114246E-01      -0.1320269363892E+00       0.9940548314257E-01       0.2162508891045E+00      -0.5585482725541E-01       0.1365680849200E+00       0.2475600306614E-01      -0.1157849209047E+00       0.7196002787258E-01       0.3537054075031E+00       0.1800450002609E+00      -0.1808127633848E+00      -0.1016495020497E+00      -0.1174316902917E+00       0.1456863553196E+00       0.1310469076447E+00      -0.1299155195358E+00      -0.1188782127426E+00      -0.3283196886787E-01      -0.2888036665028E-01      -0.1932557058084E+00
      -0.1730178660440E+00      -0.5146769379242E-01       0.6340780220043E-01       0.1613439806312E-01       0.1250228099954E+00       0.2718679214118E+00      -0.2454152968527E+00      -0.3209787846662E-01      -0.1413276605527E+00      -0.2679900132360E-01      -0.1549684272013E+00       0.2784060281860E+00      -0.1225483283915E-01      -0.1306419964155E+00      -0.1526812464649E+00       0.1456255767334E+00       0.6840268754807E-01      -0.3283650012015E+00      -0.5126269346395E-02       0.1687602864734E+00      -0.8596357359873E-01      -0.1562011531718E+00       0.6411859657142E-01      -0.2132893025965E+00       0.2358064332216E+00       0.3378065238015E+00      -0.2935446434342E-01      -0.2201823395816E+00      -0.9146730570174E-01       0.1497953957570E+00       0.3166030946613E+00       0.1705425713828E+00       0.4063444751835E-01      -0.1585603712829E+00
       0.1667595693372E+00       0.2811253073651E-01      -0.2927713851237E+00      -0.3202111374340E-01       0.3741021915721E+00       0.2405407419111E+00       0.1313955734206E+00       0.5295531092030E-01       0.4772307268774E-01       0.1057327623141E+00      -0.4802843413021E-01      -0.1836869942002E+00      -0.2527381167645E+00       0.9389434631208E-01       0.5773294694614E-01       0.1330947593809E+00      -0.4641680746849E+00      -0.6572473012538E-01       0.8148226046153E-01       0.1508566425973E-01       0.1518379215222E+00      -0.7425521771459E-01      -0.2953420805300E-01       0.1938134431056E+00       0.1267041321410E-01       0.2023207080899E-01      -0.1306945765270E-01      -0.1545654409316E+00      -0.3186798562810E+00       0.1804446921929E+00      -0.1992676883021E+00       0.6851448666517E-01       0.4624974452517E-01      -0.1568508778022E+00
       0.1231935242085E+00      -0.2996658325351E-01       0.1077500853339E-01       0.3770824942160E-02      -0.2856344091448E-01       0.1075792454335E+00      -0.4847072795886E-01       0.3662957200257E+00      -0.2785998334446E+00       0.5809743557024E-01       0.4391647817823E-01      -0.6288544184363E-01      -0.1872509281940E-01      -0.1577869915286E+00       0.1376334682676E+00       0.1002876036058E+00       0.3086467012697E-01       0.1580570114391E+00      -0.2553994089451E+00       0.8192533735751E-01      -0.6695306854007E-01      -0.3293062727632E-01      -0.7925034237182E-01      -0.1163277959920E+00      -0.3290136875640E+00       0.1832598010250E+00       0.3239773382670E+00       0.4450999572728E+00      -0.1241701285769E+00       0.1300853176191E+00       0.3670096626996E-01       0.1655888978731E+00      -0.1764439842404E+00      -0.1826345915661E+00
       0.2303448199666E+00      -0.1819699749990E-01       0.7943142599539E-01       0.5625510374634E-01      -0.4385236184647E-01       0.6365318359898E-01      -0.2569372393990E+00       0.2222404835222E+00       0.8051049250446E-02      -0.2596721791064E-01       0.1773148665639E+00      -0.1835050773085E-01      -0.1938921315776E+00       0.1194878423516E-01      -0.2086961275509E+00      -0.3762756194710E-01      -0.3229183444671E+00      -0.2028898169273E+00      -0.3107291880292E+00      -0.5941490924333E-01       0.5810205883653E-01       0.1727809629051E+00       0.1408971360101E-01      -0.1521957790941E+00      -0.9993543912023E-01      -0.2432434830935E+00      -0.3209991889431E+00       0.6358182498638E-02       0.4125434336321E+00       0.6919818477710E-01       0.1163763056574E+00      -0.4571229030463E-01       0.9662005999328E-01      -0.1619620773901E+00
      -0.9502588384663E-01       0.1592897720688E+00      -0.9868062398184E-01      -0.2811815606503E+00      -0.7296292025204E-01       0.6785344182725E-02       0.3058767779646E+00      -0.1567805829726E-01       0.4361963102559E-01      -0.1212691309812E+00      -0.8861788072964E-02       0.1784366853571E+00       0.1529083572058E+00       0.5787653671345E-01       0.2073718154728E+00       0.1241859980166E+00      -0.1869332867646E+00      -0.1572158393718E+00       0.3727645971268E-01      -0.2252184033205E+00       0.1380300981879E+00      -0.1515470080237E+00      -0.3506938411164E+00      -0.1799764307727E+00       0.8140866472233E-01       0.2809119958909E+00      -0.2613054261125E+00       0.3124778362073E+00       0.1688046631640E+00      -0.1037658892651E+00       0.1587038172203E-01      -0.1305449048335E+00       0.6770841283819E-02      -0.1634099229120E+00
       0.1004404110567E+00      -0.9877753347417E-01       0.1064683848776E+00      -0.1721835489609E+00       0.6294509874668E-01      -0.1138720097987E+00      -0.9984960942889E-01      -0.1840596555848E+00      -0.1584114020360E+00       0.3167616447277E-01      -0.1193864618881E+00       0.4931026375940E+00      -0.1081664167453E+00       0.3171208050071E+00       0.1168427775712E+00      -0.1663155103565E-01       0.6985628489412E-01      -0.1174646723771E+00      -0.6840434692517E-01      -0.1251399582060E+00       0.7374701983357E-01       0.1015238231739E+00      -0.1912408290817E+00       0.3217261205937E+00      -0.9892804093072E-01      -0.9869555139943E-01       0.2681792914281E+00      -0.8365032300274E-01       0.2160879943241E+00       0.9683514715103E-01      -0.1600304919021E+00       0.2586932733579E+00      -0.5238769579014E-01      -0.1551252379533E+00
      -0.7262949048758E-01      -0.2676266490000E+00       0.7457020075176E-01       0.2867131549291E+00      -0.8522681945712E-01       0.9141209138851E-02      -0.1350466467038E+00       0.1831456361735E+00      -0.6837010279458E-01       0.9544536491143E-01       0.2512286195522E+00       0.3299871167627E-04      -0.4341769384765E-01      -0.2776517470534E-01       0.4761852894430E+00       0.1826352572490E+00       0.2076230173215E+00      -0.8217283629663E-01      -0.2472245428784E-01      -0.9876897626878E-01       0.2451251993190E+00      -0.1840422100282E+00       0.6959270846843E-01      -0.8402546770316E-01       0.2897207405913E+00      -0.9757986979799E-01      -0.1077959701377E-01      -0.8700572164296E-01      -0.7695200851161E-03      -0.5199022407680E-01      -0.3097241987131E+00      -0.1146552989092E+00       0.1605618417988E+00      -0.1781916345472E+00
      -0.4389980711448E-01      -0.2042567412075E+00       0.1872190466724E+00      -0.4572880477810E-01      -0.5061219649344E-01       0.1335190100628E+00      -0.1024894122229E+00      -0.4386260978457E-01       0.1936215031785E+00       0.2116532096681E+00       0.1420308143958E+00       0.6022479913301E-01      -0.6734464143333E-01      -0.1239689959602E-01       0.8467298287916E-01       0.8129781927301E-01      -0.3025161791176E+00       0.1496327862762E+00       0.1120194126445E+00      -0.2875225562734E+00      -0.4715495281176E+00       0.2289628934490E+00      -0.1058323594199E+00       0.2267760804355E-01       0.1083828459950E+00       0.6822700978088E-01       0.2599490457878E+00      -0.2696222361281E-01      -0.9921355622146E-01      -0.2519674294306E+00       0.1904130435953E+00      -0.1863164563044E+00       0.1008633673903E+00      -0.1644389409140E+00
      -0.3788791221942E-01       0.1215310276213E+00       0.1023614508317E+00      -0.3266554825808E+00       0.1217674801477E+00      -0.9940077245075E-01      -0.1211762316791E+00      -0.1314689928425E+00      -0.2680163671117E+00      -0.1744290486584E+00       0.1215126347187E+00      -0.1319779797734E+00      -0.2874137794863E+00      -0.9436698242035E-01       0.2945393382550E+00      -0.4111844926461E+00      -0.1230511718225E-01      -0.9131909693506E-01       0.1280274839234E+00       0.3114772881908E+00      -0.1545882589462E+00       0.1600376366740E+00       0.1163198106481E-01      -0.1015232338899E+00       0.1688834117364E+00      -0.8219903429549E-01      -0.1140651006506E+00       0.1271082262944E+00      -0.1201810314775E+00      -0.1666191142810E+00      -0.8140358779589E-01       0.6552853078505E-01       0.3980689471220E-01      -0.1647725791825E+00
      -0.2647526688992E-01      -0.9046017806180E-01       0.4816559179965E-01       0.4518193626841E-01      -0.1284030256749E+00       0.2927635782162E+00       0.2739822187105E+00      -0.1481497466949E+00       0.2096402507652E+00      -0.1828513478656E+00      -0.1713445897831E+00      -0.1782235288692E+00      -0.1649047882328E+00       0.1520784847750E+00       0.5013376194137E-01      -0.3657995904839E+00       0.1618004604641E+00       0.8650377019984E-01      -0.2541247325685E+00      -0.2837871961460E+00       0.1409448982196E+00       0.5719059493172E-01       0.6234484830906E-01      -0.1899525970591E+00       0.2150134085683E+00      -0.9253331886313E-01       0.1518761159507E+00       0.3228332381709E-01      -0.6206895079333E-01       0.2277279224746E+00       0.1754102044616E+00       0.1131328237125E+00      -0.3883998514104E-01      -0.2020376848224E+00
      -0.8087777754335E-01       0.8265379743380E-01       0.2370211107450E+00       0.1871392519592E+00       0.2711195543204E+00      -0.1386717140589E+00      -0.2893218769247E+00       0.2291879317361E+00       0.2213056409220E+00      -0.9631773250123E-01      -0.1467311210981E+00      -0.7412134433258E-01       0.3962423801511E-01       0.3066861580938E+00      -0.1557876651036E+00      -0.3233452721930E+00       0.3782352742743E-01      -0.1482201372221E+00       0.1169817493203E+00      -0.6140476518380E-01       0.4903397052911E-01      -0.1071018044798E+00      -0.1136784810020E+00      -0.8245045561701E-01      -0.1341822070522E+00       0.2380963581808E+00       0.1071983802556E+00       0.4977000106666E-01      -0.9006134602407E-01      -0.3499028600945E-01      -0.2000531100653E+00      -0.3175001501761E+00      -0.1360604103847E+00      -0.1579291010458E+00
       0.1814676902484E+00       0.2912450852538E+00      -0.1312238436118E+00       0.2664111963815E-01      -0.6177969720255E-01      -0.2275365197489E+00      -0.4869442145876E-01       0.1991584485247E+00       0.2779380189720E+00       0.2165954084651E+00      -0.2368430133639E+00       0.2232365278017E+00       0.1778689219962E+00      -0.2289386984978E+00       0.5711401338681E-01      -0.2004522588007E+00       0.2241244251789E-01       0.3989201800198E-01      -0.2967342427042E+00      -0.9479955899891E-01      -0.1753782979893E+00       0.1356014523443E-01       0.1364226311254E+00       0.8369800190474E-01       0.1808181421713E+00       0.5028466156550E-01      -0.1572951356287E+00      -0.2988391311710E-01      -0.1785518082489E+00      -0.1102148612088E+00      -0.1669986530607E+00       0.2434259459487E+00       0.1466771735830E+00      -0.1996759829865E+00
      -0.1672317711796E+00      -0.4115760261463E-01       0.2252030552819E+00      -0.8840939672937E-01       0.1239832965369E+00      -0.8751665520115E-02       0.1109869592608E+00       0.1662470015544E+00       0.6219962705089E-01      -0.2577841333948E+00       0.2732708773509E+00      -0.1732966837997E+00       0.3087167096087E+00      -0.1185243453663E-01      -0.8457521098050E-01      -0.6813146927370E-01       0.3594968041255E-02       0.3304812108651E-01      -0.1632306180247E+00       0.1448530187438E+00      -0.5523979108052E-01      -0.2245853951464E+00      -0.2050522438462E+00       0.4632332605887E+00       0.5726331844231E-01      -0.5968811676312E-01       0.4102990218702E-01      -0.4136937695377E-01       0.1902941055375E-01       0.9471609338975E-01       0.1620605623772E+00       0.1136076776373E+00       0.3610162240761E+00      -0.1618784407072E+00
       0.4116816085916E+00      -0.1945681446651E-01       0.3585889785525E-01      -0.3263333571109E+00      -0.2152662297843E+00      -0.1479905178570E+00       0.6458456863594E-01      -0.3814878360694E-01       0.1471368332862E+00      -0.2305849015288E+00       0.1313938083326E+00      -0.9609948857961E-01      -0.1708627046136E-01       0.7206138605823E-01       0.2674205711511E-01       0.2361770272555E+00       0.2640744943819E+00      -0.2207014824669E+00       0.3058755792431E-01      -0.3404173074350E-01      -0.2076485015273E+00       0.2321563012956E-01       0.1872868096768E+00      -0.6527401834071E-01      -0.2075634497274E+00       0.1453780754142E+00       0.6967705185462E-03      -0.2000575079714E+00      -0.1746113812806E+00       0.2511849862199E+00      -0.6664417403133E-01      -0.2073394939876E+00       0.1054608852045E+00      -0.1590147455040E+00
       0.1367276030108E+00       0.4698372136839E-02       0.1382994980318E+00       0.1393260004013E+00      -0.1464808556521E+00       0.2245410672837E+00       0.1001550956626E-01      -0.1851959802906E+00      -0.2386123541802E+00      -0.2109726117414E+00      -0.2495973050906E+00       0.1499725085107E+00      -0.6114215666769E-01      -0.1140922607592E+00      -0.1515607983511E+00      -0.2180204782176E-01      -0.1534321402081E-01       0.2734767940113E+00       0.1254368682535E-02       0.1317217903088E-01       0.1917748408303E+00      -0.4795952440175E-01      -0.6168158410015E-01      -0.2392733084072E-01      -0.2980721104811E+00       0.3347070732056E-01      -0.7848214617124E-01      -0.7079048156926E-01      -0.1653218547761E+00      -0.3127034165526E+00      -0.1269675256203E+00      -0.1450348355389E+00       0.4451796196402E+00      -0.1725866035836E+00
       0.7704157487972E-02       0.2270704202208E-01      -0.2655272500643E+00       0.1226185042833E+00      -0.4575257363806E-01      -0.4397987431115E-01      -0.5322752177261E-01      -0.2436966783030E+00       0.1918757854501E+00       0.2212004413942E+00       0.2524201614850E+00      -0.6562514944306E-01      -0.3632389699117E+00      -0.5922734495166E-01      -0.6853100524541E-01      -0.9237022248965E-01       0.2782805555151E+00      -0.5638847157384E-01      -0.6122147786189E-01       0.1246441542537E-01      -0.1006046222607E+00      -0.3996933239594E+00      -0.3420248368043E+00       0.3756244547437E-01      -0.2439748429927E+00      -0.4604678726443E-03      -0.9158062584255E-01      -0.6206110969761E-01      -0.1749066728571E-03      -0.1945274629638E+00       0.1547370735574E+00       0.8754359993441E-01      -0.8715177619430E-01      -0.1535936822422E+00
      -0.3223426277255E+00      -0.1155721111559E+00      -0.1694021273517E+00       0.2111920358667E+00      -0.2898585724546E+00      -0.2609625980732E+00      -0.5817619645176E-01      -0.1990940915475E+00      -0.2425797100716E+00      -0.6619337567702E-02      -0.6262234560409E-01      -0.1556680694362E+00       0.5996996544728E-02       0.2343852217063E+00       0.4196781151571E-01       0.2730365143345E-02      -0.1981770793748E+00      -0.1957641354197E+00      -0.2030552022672E+00      -0.7133208354820E-01      -0.3301580638550E-01       0.8133049758634E-01       0.2826187470089E+00       0.2997780734939E+00      -0.1155030987339E+00       0.1924912981400E+00      -0.1538311124808E+00       0.1324753397212E+00      -0.1775765669711E+00      -0.9991521550790E-02       0.1254742564825E+00      -0.5208543559547E-01      -0.2041102532939E-01      -0.1644270385939E+00
      -0.2839719423004E+00      -0.1048540593118E+00       0.4323233786927E-03      -0.2796038411591E+00      -0.2044000828354E+00       0.1449274646302E+00      -0.3094444841664E+00      -0.2620713418900E+00       0.2980576323148E+00       0.6123694543227E-01      -0.4207072023830E-01      -0.2304056187689E+00       0.1683021789427E+00      -0.5181362592116E-01      -0.1821177180409E+00       0.1886241132993E+00      -0.6303797822858E-01       0.6243791246170E-01      -0.8887328104185E-01       0.1835311643251E+00       0.9077426177204E-01       0.7093799965705E-01      -0.5997478337362E-01      -0.1133368566926E+00      -0.2899677607365E-01      -0.2116013403255E-01       0.3528511174631E-01       0.7822864128004E-01       0.5877372031152E-01       0.1408693053378E-01      -0.4375073368842E+00       0.1937660000009E+00      -0.5695276065030E-01      -0.1791333144690E+00
      -0.1706015632431E+00      -0.7059957382216E-01      -0.3128130492497E+00       0.1989361869881E+00      -0.1052706428023E-01      -0.9852168742731E-01       0.2746949002264E+00       0.1123528745351E+00       0.1534198539161E-01       0.1404985996379E-02       0.8709021255815E-01       0.7019743880999E-01       0.1701535571833E+00      -0.3820576668264E-01       0.5394254024115E-02      -0.9289630098370E-01       0.3650202898555E-01      -0.1950765783231E+00      -0.2512856959352E-01       0.2618985860610E+00       0.3880524283410E-01       0.5027609584780E+00      -0.2962128335124E+00      -0.2352718487652E+00      -0.1489075604360E+00      -0.2367858357840E-01       0.1832843039151E+00      -0.2800756917616E+00      -0.3430295365150E-01      -0.2008725930239E-01      -0.1852798708312E-01      -0.3692519164920E-01       0.1022477010872E+00      -0.1558038018945E+00
       0.1755833979963E+00      -0.1387958109206E+00      -0.5105176235575E+00      -0.1478901340752E+00      -0.6153094659449E-01       0.2061870616282E+00      -0.2837717528151E+00       0.1071273818244E+00      -0.7751102616118E-01       0.8817585685457E-02       0.1466931143039E-01       0.1022943394187E+00       0.1979360733787E+00       0.1378528249480E+00      -0.1695874486620E+00      -0.1183319987603E+00       0.2258766034945E+00       0.1057103185821E+00       0.1981052538868E+00       0.4734606221461E-01       0.7261387825222E-01       0.7326864973984E-01      -0.1637339533720E-01       0.1876346955132E+00       0.2315599519670E+00      -0.1426868349047E+00      -0.2397354654936E-01       0.2449862702975E+00      -0.4950194559383E-01       0.1283231720389E-01       0.1440587790992E+00      -0.2655460640822E+00       0.1519813185752E-01      -0.1814129304462E+00
      -0.8897578515232E-02       0.1959249925800E+00       0.8418157427281E-01       0.2227221354248E-01      -0.2457257499574E+00      -0.3146398851976E+00       0.3743540758146E-01       0.2075268973929E+00       0.4292358917763E-01       0.6968493341239E-01      -0.2579316101418E+00      -0.1058491013468E+00      -0.3087672236753E+00       0.3191225501191E+00      -0.7850851308942E-01       0.3125128421045E+00      -0.6626498898121E-02       0.2402136848209E+00       0.1248832681856E+00       0.3126690708439E+00       0.5822355833426E-01      -0.2164167151522E-01      -0.1409347830934E+00      -0.7056555668116E-01       0.2633084988315E+00      -0.6388502111596E-01       0.7956151506301E-01      -0.4759064574411E-03       0.4612985125389E-01       0.3877205875088E-02       0.1949155527657E+00       0.4148858647958E-01       0.1144667130446E+00      -0.1736700890811E+00
       0.1404487248949E+00       0.2674353701762E-02      -0.9085485275512E-01       0.2482773135757E+00       0.1107881559175E+00       0.1205167080247E+00      -0.8803131325881E-01      -0.1139478103271E+00       0.1859180537665E+00      -0.5281346497962E-01      -0.1160915254182E+00      -0.1433571977674E+00       0.1469339166700E+00       0.7665536976913E-01       0.3910752094407E+00      -0.3735715094330E-01       0.2068393375565E-01       0.1707659176745E+00       0.3078375541372E+00       0.1439241743058E+00      -0.1066249859661E+00       0.7560188285872E-01       0.1618107368774E+00       0.4383528787391E-01      -0.1971872174115E+00       0.2500162156839E+00      -0.1065976539683E+00       0.6984387829526E-02       0.4517864856492E+00       0.7163506465043E-01       0.1164863289593E+00       0.2058853543918E+00       0.1232241917703E+00      -0.1618994137926E+00
       0.1475817192746E+00      -0.2122498895209E+00       0.9347920777105E-01       0.5571615486091E-04       0.6612099542238E-01       0.1593356466655E-01       0.1102857116214E+00      -0.4741943749104E-01      -0.6328331495603E-01      -0.2917847140112E-01      -0.3888265029630E+00      -0.1640706461498E+00       0.4029144294047E-01      -0.2644669108204E+00       0.1106056815064E+00       0.7644120046345E-01       0.3525938281505E-01       0.6177841352739E-02      -0.2464497681950E+00       0.1931107511325E+00      -0.1030239546425E+00      -0.1671197216616E-02      -0.1741575703267E+00       0.2344705873885E+00       0.1286823766480E+00      -0.1666827440562E-01      -0.1096282014546E+00      -0.1869828449252E+00       0.1711354986278E+00      -0.9346827651863E-01      -0.3851894800685E-02      -0.3517085627662E+00      -0.4300647360575E+00      -0.1644498080558E+00
       0.1920392051825E+00      -0.1702108168340E-01       0.5813833987658E-01       0.1695664192726E+00      -0.1091746483335E+00      -0.1524953883659E+00       0.1085467570676E+00      -0.1975880411069E+00       0.2521422494880E+00      -0.1533444776380E+00       0.2630240122045E+00       0.2732570510709E+00      -0.4503197219942E-01      -0.2624216326172E+00      -0.1109990480938E+00      -0.6831240378980E-01      -0.2639951113359E+00      -0.3900960744538E-01       0.9789249327059E-01       0.2723513769166E+00       0.2890028341143E+00      -0.8314720743798E-01       0.2378441593705E+00       0.8937173508988E-01       0.1313807916744E+00       0.9088264971697E-01       0.2963265906814E+00       0.1734147486285E+00       0.2891571878401E-01      -0.2531138662832E-01       0.4889931529577E-01      -0.7407473588877E-01      -0.1826302935544E+00      -0.1726302865449E+00
       0.4818770899523E-01      -0.2010780519649E+00       0.2030519598807E+00       0.2189903707951E+00       0.6063377670093E-01      -0.1810052154773E+00       0.3146099615005E-01      -0.1215937041551E+00       0.4659570078703E-01       0.2106087483288E-01      -0.1665892964298E+00       0.2902522892779E-01       0.1292790612208E+00      -0.1893920612184E+00      -0.3548462399102E-01       0.9627522583686E-01       0.2413130168943E-02      -0.1411139480692E+00       0.3478465232076E+00      -0.1017747853229E+00      -0.7662755220040E-01       0.2999954772846E-01      -0.1910954270993E+00      -0.6547936440386E-01      -0.8521660748878E-01      -0.4062541409372E+00      -0.2502303484687E+00       0.2886787167457E+00      -0.2663932950595E+00       0.2740110943827E+00       0.7191913965927E-01       0.1474572144857E+00      -0.2628902452106E-01      -0.1753975139161E+00
      -0.1619167516118E+00       0.3817014423945E+00      -0.7156432894356E-01       0.1204159634590E+00       0.3989437950133E+00      -0.3293713887176E-01      -0.7254922092300E-01      -0.3031546768457E+00       0.1123871891056E-01      -0.1140121338107E+00       0.1337181944156E+00       0.1668705574878E+00       0.6346411753909E-01       0.9234567185852E-01       0.8764101493836E-01       0.2753224348580E+00       0.7353724392944E-01       0.2578224060335E+00      -0.2978834469669E+00       0.2612575172821E-01      -0.1291836589601E+00       0.3814442670367E-01       0.1054511509345E+00      -0.1333308835891E+00      -0.1218165810571E-01      -0.2318279277376E+00       0.7933026347611E-02       0.6871387385145E-01      -0.3737382818841E-01       0.1510020916660E+00       0.3045689043216E-01      -0.2747228842423E+00      -0.2053218227420E-01      -0.1677290467255E+00
       0.4604487803321E-01      -0.2815876356902E+00      -0.1825941154061E+00      -0.3063227842331E-01       0.3161432825091E+00      -0.3853103168781E+00       0.1250122497535E+00      -0.9835491363902E-01      -0.2435541106129E+00      -0.3507093566075E-02      -0.1002431504809E-01      -0.1724732453337E+00      -0.4574689388258E-01      -0.1402017667526E+00      -0.3447340188534E+00       0.4485008991688E-02       0.3228187506967E-01       0.1435004005926E+00       0.2095003866707E-01      -0.2492788740130E+00      -0.9344023876150E-01      -0.7375000800000E-01       0.8744665937940E-01      -0.1860613744959E+00       0.1779934579830E+00       0.1742440759633E+00       0.1250005687721E+00       0.4188294296761E-01       0.2685655102459E+00       0.5834742397691E-02      -0.1562185091661E+00       0.6808994221273E-01       0.1761973360713E+00      -0.1687865488938E+00
       0.1099362931444E+00       0.2013334669839E+00      -0.1469910756272E-01       0.2929819892284E-01      -0.5374663647698E-01       0.1498747443590E+00       0.1528197117571E+00      -0.3503323518274E-01      -0.1717332785058E+00       0.9763213213412E-01      -0.9825955085425E-01      -0.1592085559007E+00       0.2905449590104E+00       0.1740718962767E+00      -0.4112832047646E-01       0.2215490910457E-01      -0.8358008516037E-01      -0.3529239325848E+00       0.7605425671047E-01       0.1872413745681E-01      -0.1757675918746E+00      -0.2977824498906E+00       0.2087623028601E+00      -0.1380070736471E+00      -0.2831280572165E-01      -0.3630507314974E+00       0.3016730004203E+00      -0.1195517022103E-01       0.1159735085299E+00      -0.3299566936791E+00      -0.1231330325374E-01       0.6134715141984E-01      -0.3367828637669E-01      -0.1855963540330E+00
